0 0 98 0
1 1 1 28
2 5 1 37
3 10 3 44
4 15 1 59
5 20 1 68
6 25 1 73
7 34 1 82
8 43 21 91
9 46 1 115
10 49 1 124
11 56 1 131
12 61 1 138
13 68 1 147
14 74 1 154
15 79 1 159
16 84 1 164
17 91 1 173
18 94 2 182
19 99 1 187
20 103 19 196
21 106 2 224
22 112 1 238
23 117 2 247
24 124 2 261
25 132 27 273
26 134 1 301
27 140 1 310
28 144 10 319
29 146 1 344
30 153 73 351
31 156 1 380
32 160 2 389
33 167 3 398
34 173 1 411
35 180 1 420
36 189 67 429
37 196 5 455
38 199 24 469
39 202 1 494
40 208 1 503
41 211 4 512
42 218 3 519
43 221 25 536
44 223 6 556
45 228 1 580
46 231 3 589
47 238 10 594
48 240 1 619
49 247 2 628
50 253 1 640
51 262 1 649
52 271 1 658
53 276 5 663
54 280 1 681
55 286 12 686
56 288 1 712
57 292 1 721
58 295 1 730
59 299 1 739
60 306 2 748
61 314 1 762
62 317 1 767
63 321 1 776
64 327 1 785
65 332 90 790
66 340 1 815
67 347 44 824
68 349 1 851
69 356 1 856
70 361 1 863
71 370 1 870
72 376 1 875
73 379 2 884
74 383 1 898
75 389 1 905
76 392 1 914
77 400 1 919
78 406 1 928
79 412 1 935
80 421 2 940
81 428 1 943
82 436 2 952
83 443 1 960
84 449 3 969
85 456 1 984
86 463 3 991
87 467 1 1008
88 473 1 1013
89 480 1 1022
90 487 2 1031
91 493 2 1045
92 500 6 1057
93 503 1 1076
94 507 1 1083
95 511 2 1092
96 516 1 1104
97 521 2 1109
98 526 1 1123
99 534 2 1130
100 539 3 1139
101 543 1 1153
102 546 13 1158
103 550 1 1173
104 556 1 1178
105 561 4 1187
106 565 5 1203
107 570 4 1220
108 573 1 1232
109 577 1 1239
110 582 2 1246
111 588 1 1255
112 593 2 1260
113 598 1 1265
114 604 2 1274
115 609 1 1288
116 614 1 1291
117 621 1 1300
118 629 35 1309
119 632 16 1335
120 634 4 1361
121 638 1 1371
122 644 1 1376
123 649 3 1385
124 653 4 1395
125 656 3 1411
126 662 8 1428
127 668 2 1450
128 673 1 1464
129 680 1 1473
130 686 1 1480
131 693 1 1487
132 697 1 1496
133 702 1 1503
134 707 3 1512
135 714 2 1524
136 723 1 1536
137 732 2 1543
138 738 1 1548
139 745 1 1553
140 751 1 1562
141 758 2 1567
142 763 1 1581
143 769 3 1586
144 775 1 1598
145 786 1 1607
146 795 2 1616
147 805 4 1628
148 810 1 1640
149 815 1 1647
150 819 11 1652
151 823 7 1676
152 828 2 1700
153 834 1 1714
154 845 1 1717
155 857 1 1726
156 864 1 1729
157 874 1 1734
158 884 5 1743
159 891 1 1757
160 899 1 1764
161 909 1 1769
162 918 1 1776
163 926 3 1783
164 933 1 1798
165 942 1 1807
166 950 1 1816
167 958 1 1821
168 965 2 1824
169 970 1 1838
170 976 1 1843
171 983 1 1852
172 989 4 1861
173 994 2 1870
174 999 1 1879
175 1004 1 1888
176 1013 1 1897
177 1018 1 1906
178 1023 1 1913
179 1027 1 1922
180 1034 1 1931
181 1040 1 1940
182 1046 1 1945
183 1049 2 1954
184 1056 2 1961
185 1064 4 1968
186 1067 16 1980
187 1068 1 2006
188 1074 1 2015
189 1078 2 2024
190 1084 6 2038
191 1090 3 2047
192 1098 4 2061
193 1101 1 2081
194 1109 1 2090
195 1113 1 2093
196 1117 5 2096
197 1121 1 2113
198 1128 1 2122
199 1136 2 2127
200 1140 1 2137
201 1145 1 2146
202 1151 1 2151
203 1158 2 2158
204 1162 1 2170
205 1169 1 2179
206 1176 2 2186
207 1182 3 2200
208 1187 1 2214
209 1194 9 2223
210 1197 1 2245
211 1200 1 2250
212 1210 1 2259
213 1213 1 2268
214 1217 3 2273
215 1223 1 2286
216 1229 1 2293
217 1237 1 2300
218 1246 1 2309
219 1254 1 2316
220 1264 1 2325
221 1268 1 2330
222 1274 1 2335
223 1282 1 2344
224 1290 1 2351
225 1296 24 2360
226 1298 1 2389
227 1304 5 2394
228 1310 1 2406
229 1313 3 2415
230 1318 3 2427
231 1322 1 2439
232 1326 1 2448
233 1331 3 2455
234 1335 7 2467
235 1339 1 2490
236 1344 3 2495
237 1348 5 2505
238 1352 2 2520
239 1357 1 2529
240 1361 7 2538
241 1367 5 2555
242 1371 1 2575
243 1375 1 2584
244 1379 1 2593
245 1385 1 2600
246 1386 1 2609
247 1395 1 2618
248 1400 1 2625
249 1404 1 2630
250 1407 5 2635
251 1411 1 2652
252 1413 2 2661
253 1416 1 2670
254 1426 1 2675
255 1434 1 2684
256 1440 2 2691
257 1446 2 2705
258 1448 1 2719
259 1451 3 2728
260 1455 1 2733
261 1459 1 2742
262 1466 3 2751
263 1470 4 2766
264 1474 3 2781
265 1479 1 2794
266 1488 1 2803
267 1495 2 2810
268 1501 1 2824
269 1508 1 2833
270 1518 2 2842
271 1522 2 2850
272 1526 6 2858
273 1530 6 2879
274 1535 1 2897
275 1547 1 2902
276 1552 1 2911
277 1555 4 2920
278 1563 3 2931
279 1567 1 2948
280 1573 14 2955
281 1579 1 2972
282 1586 1 2981
283 1591 1 2990
284 1598 6 2995
285 1602 2 3011
286 1607 2 3023
287 1610 1 3037
288 1614 1 3046
289 1620 1 3053
290 1626 5 3062
291 1629 1 3079
292 1634 4 3084
293 1638 7 3100
294 1643 1 3125
295 1647 1 3134
296 1653 1 3143
297 1658 6 3152
298 1663 1 3166
299 1668 1 3175
300 1671 2 3182
301 1677 1 3196
302 1685 3 3201
303 1689 1 3216
304 1696 1 3221
305 1703 46 3226
306 1706 1 3254
307 1712 1 3259
308 1717 3 3268
309 1724 3 3285
310 1734 1 3294
311 1741 1 3303
312 1747 1 3308
313 1751 3 3315
314 1756 1 3330
315 1765 4 3335
316 1772 1 3351
317 1780 1 3354
318 1787 1 3359
319 1792 1 3362
320 1796 1 3369
321 1802 9 3374
322 1808 1 3394
323 1815 12 3401
324 1819 1 3425
325 1824 1 3430
326 1828 1 3439
327 1835 1 3448
328 1841 1 3457
329 1847 1 3466
330 1852 4 3471
331 1856 1 3480
332 1860 2 3483
333 1865 1 3492
334 1872 5 3499
335 1878 4 3522
336 1887 1 3539
337 1893 2 3544
338 1896 1 3556
339 1900 1 3565
340 1905 1 3574
341 1909 9 3581
342 1913 2 3592
343 1918 2 3604
344 1922 1 3616
345 1927 13 3625
346 1929 19 3649
347 1934 9 3654
348 1937 1 3677
349 1942 2 3684
350 1946 3 3698
351 1950 28 3711
352 1954 1 3736
353 1960 1 3745
354 1966 2 3754
355 1969 4 3766
356 1974 1 3775
357 1982 57 3780
358 1990 1 3806
359 1996 1 3815
360 2002 1 3820
361 2007 1 3825
362 2014 1 3834
363 2020 1 3843
364 2026 1 3852
365 2033 2 3861
366 2037 1 3873
367 2042 3 3878
368 2044 1 3895
369 2049 1 3904
370 2059 9 3909
371 2062 1 3931
372 2067 1 3938
373 2071 1 3945
374 2075 1 3954
375 2081 7 3963
376 2085 1 3983
377 2089 1 3992
378 2094 2 4001
379 2098 1 4013
380 2103 3 4022
381 2107 1 4039
382 2113 1 4044
383 2117 1 4053
384 2122 10 4062
385 2126 47 4086
386 2130 2 4116
387 2136 39 4124
388 2138 1 4152
389 2142 1 4161
390 2149 12 4170
391 2153 6 4195
392 2158 4 4219
393 2163 2 4236
394 2171 3 4250
395 2177 1 4267
396 2184 1 4272
397 2188 1 4279
398 2193 10 4288
399 2196 25 4312
400 2200 1 4341
401 2209 2 4348
402 2215 1 4356
403 2221 1 4363
404 2227 1 4372
405 2231 1 4381
406 2234 1 4386
407 2242 29 4395
408 2245 21 4419
409 2248 1 4446
410 2251 1 4451
411 2257 2 4460
412 2259 4 4469
413 2263 1 4487
414 2268 1 4494
415 2276 2 4503
416 2280 1 4517
417 2284 3 4526
418 2290 1 4540
419 2294 1 4547
420 2298 3 4556
421 2302 2 4565
422 2306 2 4572
423 2311 6 4586
424 2316 1 4601
425 2321 11 4606
426 2324 1 4629
427 2328 1 4636
428 2334 4 4645
429 2341 2 4657
430 2349 212 4669
431 2350 1 4694
432 2355 21 4701
433 2357 9 4730
434 2359 5 4743
435 2362 3 4756
436 2365 1 4765
437 2377 1 4774
438 2388 1 4779
439 2398 55 4784
440 2400 1 4811
441 2408 6 4820
442 2414 1 4840
443 2425 1 4849
444 2434 1 4854
445 2442 1 4857
446 2450 1 4866
447 2461 1 4873
448 2468 1 4882
449 2479 1 4889
450 2485 1 4898
451 2490 2 4907
452 2498 89 4912
453 2500 60 4939
454 2502 2 4968
455 2504 2 4978
456 2509 1 4983
457 2516 31 4992
458 2523 18 5014
459 2526 13 5041
460 2531 4 5061
461 2539 3 5075
462 2543 2 5092
463 2547 2 5101
464 2551 1 5115
465 2557 1 5122
466 2564 2 5131
467 2572 1 5136
468 2579 3 5139
469 2583 1 5153
470 2588 15 5162
471 2592 1 5181
472 2597 2 5190
473 2602 1 5199
474 2607 1 5204
475 2613 8 5213
476 2617 1 5229
477 2625 1 5238
478 2629 1 5247
479 2633 1 5254
480 2638 52 5257
481 2647 4 5275
482 2650 1 5287
483 2653 1 5296
484 2655 5 5301
485 2662 1 5310
486 2667 7 5319
487 2672 1 5343
488 2675 2 5348
489 2679 1 5360
490 2687 2 5363
491 2691 3 5377
492 2699 1 5382
493 2703 1 5391
494 2707 24 5400
495 2710 2 5425
496 2716 1 5439
497 2723 2 5448
498 2726 3 5462
499 2730 3 5479
500 2735 6 5488
501 2739 4 5506
502 2745 4 5520
503 2749 1 5537
504 2754 1 5546
505 2760 14 5555
506 2762 1 5580
507 2766 3 5589
508 2770 8 5602
509 2774 1 5626
510 2779 25 5631
511 2783 1 5653
512 2788 1 5656
513 2796 56 5665
514 2803 1 5691
515 2809 2 5700
516 2813 11 5710
517 2817 1 5732
518 2822 3 5739
519 2826 1 5748
520 2831 11 5757
521 2836 4 5777
522 2840 1 5793
523 2844 5 5802
524 2848 17 5823
525 2851 1 5850
526 2856 2 5859
527 2860 1 5873
528 2867 4 5878
529 2871 1 5895
530 2879 1 5904
531 2886 5 5913
532 2891 1 5931
533 2897 1 5938
534 2904 12 5945
535 2910 1 5961
536 2920 1 5966
537 2925 2 5975
538 2931 9 5989
539 2934 2 6009
540 2939 62 6019
541 2941 1 6047
542 2945 1 6056
543 2952 1 6061
544 2957 3 6070
545 2961 6 6087
546 2964 1 6105
547 2971 3 6114
548 2979 1 6126
549 2987 3 6135
550 2992 2 6147
551 2997 1 6159
552 3005 2 6168
553 3010 4 6180
554 3014 1 6196
555 3018 1 6201
556 3026 1 6206
557 3033 2 6211
558 3041 1 6218
559 3049 1 6227
560 3052 3 6230
561 3057 1 6239
562 3065 5 6244
563 3071 3 6249
564 3075 1 6258
565 3079 13 6267
566 3083 2 6294
567 3090 7 6308
568 3097 1 6318
569 3103 8 6321
570 3107 1 6339
571 3111 3 6346
572 3115 2 6361
573 3120 14 6370
574 3124 96 6392
575 3126 2 6418
576 3132 6 6428
577 3136 1 6446
578 3142 1 6451
579 3148 9 6460
580 3151 1 6482
581 3153 1 6491
582 3163 1 6496
583 3167 2 6505
584 3171 1 6519
585 3176 1 6526
586 3185 1 6531
587 3196 3 6536
588 3203 1 6549
589 3209 45 6554
590 3216 6 6577
591 3221 5 6600
592 3225 1 6612
593 3229 11 6617
594 3234 25 6631
595 3236 3 6658
596 3241 1 6673
597 3250 5 6682
598 3254 4 6700
599 3257 63 6715
600 3260 1 6741
601 3266 10 6746
602 3273 1 6768
603 3288 10 6777
604 3291 17 6800
605 3292 4 6825
606 3296 1 6837
607 3303 2 6844
608 3309 1 6849
609 3317 1 6858
610 3322 68 6861
611 3324 4 6890
612 3327 1 6902
613 3334 1 6911
614 3340 4 6918
615 3345 1 6932
616 3351 1 6941
617 3358 1 6948
618 3367 1 6955
619 3370 1 6960
620 3375 1 6969
621 3377 5 6974
622 3380 16 6990
623 3382 1 7018
624 3386 10 7027
625 3389 4 7047
626 3393 1 7063
627 3396 1 7072
628 3400 1 7081
629 3407 4 7090
630 3409 1 7107
631 3414 2 7114
632 3419 5 7124
633 3422 6 7139
634 3425 1 7158
635 3433 1 7165
636 3440 2 7174
637 3444 1 7188
638 3452 1 7197
639 3456 3 7206
640 3459 2 7218
641 3463 1 7227
642 3468 1 7234
643 3476 1 7239
644 3482 1 7248
645 3487 4 7257
646 3493 4 7269
647 3497 1 7282
648 3503 1 7287
649 3509 1 7296
650 3513 1 7301
651 3520 1 7308
652 3528 2 7317
653 3532 1 7331
654 3537 1 7338
655 3545 3 7345
656 3550 1 7360
657 3553 1 7369
658 3557 1 7376
659 3563 1 7385
660 3570 1 7392
661 3577 1 7399
662 3581 1 7404
663 3587 1 7413
664 3592 3 7422
665 3596 6 7435
666 3602 2 7453
667 3609 1 7465
668 3617 3 7470
669 3621 1 7475
670 3625 120 7480
671 3631 1 7507
672 3639 1 7514
673 3646 2 7523
674 3650 1 7537
675 3654 1 7546
676 3659 1 7555
677 3664 1 7564
678 3670 19 7573
679 3674 1 7596
680 3681 1 7605
681 3692 2 7612
682 3699 1 7621
683 3707 1 7630
684 3715 1 7639
685 3722 1 7644
686 3727 4 7653
687 3733 2 7668
688 3742 1 7677
689 3749 1 7686
690 3759 1 7691
691 3766 1 7700
692 3771 1 7709
693 3778 1 7714
694 3786 2 7719
695 3793 1 7728
696 3801 1 7735
697 3808 1 7744
698 3815 1 7753
699 3826 1 7762
700 3834 2 7771
701 3842 2 7783
702 3847 2 7790
703 3851 1 7799
704 3855 1 7808
705 3861 1 7815
706 3866 4 7824
707 3871 2 7833
708 3877 1 7845
709 3882 1 7854
710 3888 1 7863
711 3895 1 7872
712 3901 4 7875
713 3909 1 7887
714 3915 1 7896
715 3921 1 7905
716 3928 2 7914
717 3932 1 7924
718 3941 1 7929
719 3949 1 7938
720 3955 1 7947
721 3959 1 7952
722 3965 1 7955
723 3973 2 7962
724 3978 1 7970
725 3986 9 7979
726 3990 1 7996
727 3996 1 8003
728 4001 2 8008
729 4004 32 8020
730 4005 2 8047
731 4008 2 8050
732 4012 1 8057
733 4019 1 8066
734 4023 18 8075
735 4030 27 8091
736 4038 7 8111
737 4045 4 8125
738 4049 1 8143
739 4053 1 8148
740 4062 1 8157
741 4066 1 8166
742 4071 1 8175
743 4077 1 8180
744 4080 1 8187
745 4086 15 8192
746 4089 1 8214
747 4095 2 8223
748 4101 2 8235
749 4105 1 8249
750 4111 1 8252
751 4119 1 8257
752 4124 1 8266
753 4127 4 8269
754 4131 2 8283
755 4137 12 8292
756 4140 1 8318
757 4144 1 8327
758 4148 1 8332
759 4153 1 8341
760 4161 1 8350
761 4170 1 8355
762 4177 5 8364
763 4182 2 8376
764 4188 1 8388
765 4194 1 8397
766 4201 3 8402
767 4204 1 8417
768 4209 27 8420
769 4214 4 8447
770 4219 1 8461
771 4225 3 8468
772 4228 1 8480
773 4233 1 8485
774 4239 1 8494
775 4243 1 8501
776 4248 1 8510
777 4253 1 8519
778 4258 1 8524
779 4265 6 8533
780 4271 3 8551
781 4275 1 8566
782 4281 1 8575
783 4286 1 8584
784 4292 89 8593
785 4299 1 8614
786 4306 2 8619
787 4310 6 8633
788 4317 1 8647
789 4325 3 8650
790 4332 2 8662
791 4337 1 8672
792 4341 1 8681
793 4347 1 8688
794 4351 31 8697
795 4354 1 8720
796 4357 1 8729
797 4362 1 8736
798 4367 1 8741
799 4374 36 8750
800 4376 1 8777
801 4381 1 8782
802 4385 6 8791
803 4389 1 8800
804 4393 1 8809
805 4399 4 8814
806 4403 1 8832
807 4412 4 8841
808 4415 1 8846
809 4422 1 8851
810 4427 1 8854
811 4432 3 8861
812 4436 9 8873
813 4441 1 8891
814 4447 1 8894
815 4452 1 8897
816 4457 1 8906
817 4464 2 8915
818 4469 1 8927
819 4474 2 8936
820 4476 2 8944
821 4481 2 8949
822 4486 5 8958
823 4491 1 8976
824 4496 1 8985
825 4500 1 8988
826 4505 1 8997
827 4510 4 9002
828 4518 1 9011
829 4526 1 9020
830 4531 1 9029
831 4536 1 9038
832 4543 1 9047
833 4551 1 9056
834 4555 1 9065
835 4560 1 9070
836 4565 2 9075
837 4573 1 9087
838 4579 1 9096
839 4586 1 9105
840 4594 1 9114
841 4601 12 9123
842 4605 4 9140
843 4609 1 9152
844 4615 2 9161
845 4618 3 9173
846 4624 3 9182
847 4628 1 9197
848 4634 1 9206
849 4641 4 9215
850 4646 10 9230
851 4651 1 9250
852 4658 1 9259
853 4663 4 9264
854 4664 2 9279
855 4669 1 9288
856 4673 1 9293
857 4679 1 9302
858 4686 10 9311
859 4690 5 9336
860 4694 1 9351
861 4700 3 9354
862 4705 1 9368
863 4710 11 9375
864 4714 1 9403
865 4720 1 9408
866 4723 1 9415
867 4729 1 9424
868 4734 2 9433
869 4739 4 9439
870 4743 9 9452
871 4748 2 9474
872 4754 64 9486
873 4758 168 9512
874 4761 22 9539
875 4765 3 9567
876 4770 7 9584
877 4774 1 9610
878 4784 21 9619
879 4788 26 9640
880 4793 6 9668
881 4802 6 9685
882 4807 7 9709
883 4811 1 9731
884 4816 3 9740
885 4821 2 9752
886 4827 8 9764
887 4832 1 9783
888 4837 33 9792
889 4841 1 9820
890 4851 31 9829
891 4855 2 9851
892 4863 7 9865
893 4871 12 9882
894 4876 2 9902
895 4882 3 9911
896 4886 15 9926
897 4889 2 9946
898 4896 3 9955
899 4900 6 9967
900 4904 1 9984
901 4909 10 9991
902 4912 76 10009
903 4914 1 10035
904 4922 2 10042
905 4926 1 10047
906 4932 5 10054
907 4935 1 10070
908 4946 1 10077
909 4958 1 10084
910 4965 1 10093
911 4974 1 10102
912 4981 1 10105
913 4987 1 10112
914 4994 1 10121
915 4999 1 10130
916 5005 1 10139
917 5013 1 10148
918 5018 1 10153
919 5025 8 10162
920 5029 3 10183
921 5034 1 10192
922 5041 3 10201
923 5046 12 10218
924 5051 2 10227
925 5055 1 10239
926 5062 1 10244
927 5067 1 10253
928 5072 4 10258
929 5075 1 10278
930 5079 1 10287
931 5086 1 10296
932 5091 3 10301
933 5096 1 10311
934 5107 1 10316
935 5113 1 10325
936 5122 1 10334
937 5129 1 10343
938 5136 2 10346
939 5142 3 10360
940 5146 4 10375
941 5148 8 10388
942 5152 3 10405
943 5159 6 10414
944 5161 1 10433
945 5164 1 10438
946 5165 2 10447
947 5170 3 10459
948 5176 2 10476
949 5183 1 10482
950 5188 12 10489
951 5192 1 10512
952 5196 1 10519
953 5202 2 10524
954 5209 2 10536
955 5215 1 10545
956 5223 1 10550
957 5228 1 10559
958 5232 1 10568
959 5237 1 10573
960 5244 12 10582
961 5247 4 10607
962 5250 23 10621
963 5252 1 10648
964 5258 1 10657
965 5263 7 10666
966 5270 34 10683
967 5274 14 10708
968 5278 1 10734
969 5284 45 10743
970 5288 9 10770
971 5292 6 10790
972 5297 1 10811
973 5301 6 10820
974 5306 1 10836
975 5311 1 10845
976 5318 9 10852
977 5321 1 10871
978 5325 20 10880
979 5328 5 10907
980 5332 27 10921
981 5336 3 10948
982 5340 1 10967
983 5343 1 10976
984 5347 1 10979
985 5351 2 10988
986 5355 2 10997
987 5358 19 11007
988 5362 2 11032
989 5368 3 11042
990 5375 1 11054
991 5382 1 11061
992 5384 1 11070
993 5389 1 11079
994 5392 1 11088
995 5396 3 11095
996 5400 3 11107
997 5405 1 11122
998 5409 3 11131
999 5414 4 11141
1000 5421 1 11149
1001 5426 2 11154
1002 5431 2 11164
1003 5437 15 11178
1004 5442 2 11202
1005 5449 1 11214
1006 5454 3 11223
1007 5459 1 11235
1008 5462 2 11244
1009 5467 8 11254
1010 5470 6 11272
1011 5473 1 11294
1012 5478 2 11303
1013 5481 2 11312
1014 5487 135 11326
1015 5490 8 11353
1016 5495 44 11371
1017 5499 2 11397
1018 5504 1 11409
